id: 78517
12121
Где-то на северном полюсе
Голиков
232324151211
2334623437112121
promka1 23
1500
07.01.2022: 0
09.01.2022

Джеки-Чан
30
6+
Жил был
Сдох
Издох
1
02.jpg

07.01.2022
150
11:15
2120200121
1220221012
0022100121
0000111101
2212120101
2121210220
0001111222
0222020110
2100011121
2000110111

150
16:20
2121211121
1221221012
1022100121
0000111101
2212120101
2121210220
0001111222
0222020110
2100011121
2000110111

250
19:40
2121210121
1220221012
0022100121
0000111101
2212120101
2121210220
0001111222
0222020110
2100011121
2000110111

08.01.2022
150
11:15
0101221100
2212212120
2110001100
1201102021
2011212120
0000010201
2101121011
0212200011
2021001220
2020001221

150
16:20
1101221100
2212212120
2110001100
1201102021
2011212120
0000010201
2101121011
0212200011
2021001220
2020001221

250
19:40
0101221100
2212212120
2110001100
1201102021
2011212120
0000010201
2101121011
0212200011
2021001220
2020001221

09.01.2022
150
11:15
0122020221
0212001201
2200022001
1221020202
0120002100
1101012222
0000101220
2222220200
0201110002
2101121211

150
16:20
1122020221
0212001201
2200022001
1221020202
0120002100
1101012222
0000101220
2222220200
0201110002
2101121211

250
11:11
0122020221
0212001201
2200022001
1221020202
0120002100
1101012222
0000101220
2222220200
0201110002
2101121211
